{left_bias_front_inner: 15, left_bias_front_outer: 14, left_bias_rear: 101, left_gain_front_inner: 4.382447954055981,
  left_gain_front_outer: 4.046913137114127, left_gain_rear: 2.8733668341708563, left_preload_front_inner: 0.08692684658121415,
  left_preload_front_outer: 0.23843167570180057, left_preload_rear: 0.08692684658121415,
  right_bias_front_inner: 15, right_bias_front_outer: 15, right_bias_rear: 15, right_gain_front_inner: 4.4843144292892925,
  right_gain_front_outer: 3.6133883704235545, right_gain_rear: 3.4274587221823483,
  right_preload_front_inner: 62.46110581938589, right_preload_front_outer: 66.0471864280592,
  right_preload_rear: 53.44643904055802}
