{left_bias_front_inner: 15, left_bias_front_outer: 14, left_bias_rear: 16, left_gain_front_inner: 4.382447954055981,
  left_gain_front_outer: 4.046913137114127, left_gain_rear: 0.671, left_preload_front_inner: 59.78393873623018,
  left_preload_front_outer: 47.59220107618713, left_preload_rear: 78.47861083408982,
  right_bias_front_inner: 15, right_bias_front_outer: 15, right_bias_rear: 16, right_gain_front_inner: 4.4843144292892925,
  right_gain_front_outer: 3.6133883704235545, right_gain_rear: 0.574157, right_preload_front_inner: 10.188521117494451,
  right_preload_front_outer: 21.50686834899084, right_preload_rear: 58.772259246173847}
