{left_bias_front_inner: 15, left_bias_front_outer: 15, left_bias_rear: 15, left_gain_front_inner: 4.252840780478961,
  left_gain_front_outer: 4.488184725279282, left_gain_rear: 4.5502063890883075, left_preload_front_inner: 73.11403646169587,
  left_preload_front_outer: 43.38877609213053, left_preload_rear: 59.548374362420844,
  right_bias_front_inner: 16, right_bias_front_outer: 15, right_bias_rear: 15, right_gain_front_inner: 4.4952448191370085,
  right_gain_front_outer: 4.063017791661002, right_gain_rear: 4.9500179468772325,
  right_preload_front_inner: 43.746031800058795, right_preload_front_outer: 40.65030372427952,
  right_preload_rear: 72.52954640648787}
