{left_bias_f1: 15, left_bias_f2: 18, left_bias_f3: 14, left_gain_f1: 0.9849246231155779,
  left_gain_f2: 1000, left_gain_f3: 0.9748743718592965, right_bias_f1: 0, right_bias_f2: 0,
  right_bias_f3: 0, right_gain_f1: 0, right_gain_f2: 0, right_gain_f3: 0}
